0.100000 81 0.0000039568 -5.402659 1000 1 8.78599271
0.100000 81 0.0000039568 -5.402659 1000 2 4.48784409
0.100000 81 0.0000039568 -5.402659 1000 3 3.19250721
0.100000 81 0.0000039568 -5.402659 1000 4 2.33187362
0.100000 81 0.0000039568 -5.402659 1000 5 1.92253564
0.100000 81 0.0000039568 -5.402659 1000 6 1.70064988
0.100000 81 0.0000039568 -5.402659 1000 7 1.48339874
0.100000 81 0.0000039568 -5.402659 1000 8 1.26332711
0.100000 81 0.0000039568 -5.402659 1000 9 1.26733424
0.100000 81 0.0000039568 -5.402659 1000 10 1.05102374
0.100000 81 0.0000039568 -5.402659 1000 11 1.04900341
0.100000 81 0.0000039568 -5.402659 1000 12 1.04933763
0.100000 81 0.0000039568 -5.402659 1000 13 1.05185724
0.100000 81 0.0000039568 -5.402659 1000 14 0.83323011
0.100000 81 0.0000039568 -5.402659 1000 15 0.83408412
0.100000 81 0.0000039568 -5.402659 1000 16 0.83165212
0.100000 81 0.0000039568 -5.402659 1000 18 0.83085483
0.100000 81 0.0000039568 -5.402659 1000 19 0.83268623
0.100000 81 0.0000039568 -5.402659 1000 20 0.61466340